505.0
485.0
501.0
501.0
508.0
482.0
489.0
498.0
495.0
501.0
503.0
496.0
512.0
490.0
502.0
502.0
497.0
493.0
491.0
508.0
487.0
501.0
517.0
493.0
500.0
502.0
500.0
485.0
524.0
514.0
511.0
507.0
499.0
500.0
489.0
495.0
489.0
513.0
496.0
482.0
500.0
501.0
494.0
504.0
492.0
499.0
500.0
505.0
493.0
503.0
496.0
513.0
501.0
494.0
501.0
497.0
517.0
484.0
504.0
504.0
487.0
480.0
516.0
492.0
483.0
506.0
506.0
515.0
509.0
503.0
494.0
488.0
482.0
509.0
498.0
496.0
521.0
499.0
493.0
502.0
496.0
497.0
490.0
485.0
489.0
491.0
499.0
525.0
484.0
494.0
493.0
489.0
485.0
482.0
510.0
503.0
496.0
505.0
496.0
512.0
502.0
492.0
503.0
507.0
491.0
488.0
485.0
479.0
498.0
493.0
494.0
492.0
502.0
503.0
507.0
497.0
493.0
495.0
494.0
506.0
482.0
490.0
506.0
506.0
480.0
509.0
508.0
498.0
513.0
507.0
505.0
499.0
498.0
491.0
507.0
516.0
504.0
506.0
491.0
507.0
495.0
509.0
505.0
514.0
519.0
504.0
509.0
509.0
508.0
506.0
521.0
502.0
502.0
509.0
486.0
506.0
515.0
520.0
507.0
483.0
481.0
515.0
500.0
505.0
505.0
508.0
500.0
480.0
494.0
508.0
489.0
508.0
518.0
479.0
510.0
486.0
481.0
495.0
507.0
497.0
512.0
516.0
504.0
506.0
491.0
508.0
500.0
496.0
488.0
500.0
495.0
475.0
500.0
488.0
496.0
504.0
486.0
483.0
493.0
494.0
498.0
491.0
496.0
492.0
514.0
498.0
510.0
490.0
491.0
482.0
505.0
501.0
483.0
503.0
516.0
493.0
493.0
490.0
507.0
513.0
491.0
505.0
522.0
487.0
501.0
493.0
503.0
504.0
491.0
508.0
497.0
503.0
504.0
491.0
492.0
500.0
506.0
492.0
502.0
483.0
508.0
518.0
504.0
498.0
498.0
493.0
502.0
488.0
495.0
508.0
507.0
492.0
504.0
480.0
508.0
507.0
498.0
512.0
524.0
510.0
508.0
485.0
505.0
492.0
511.0
497.0
508.0
502.0
509.0
497.0
494.0
507.0
500.0
486.0
482.0
483.0
496.0
497.0
506.0
495.0
492.0
499.0
500.0
506.0
488.0
494.0
484.0
511.0
494.0
515.0
507.0
504.0
503.0
497.0
498.0
505.0
492.0
516.0
490.0
501.0
477.0
513.0
510.0
502.0
507.0
505.0
503.0
510.0
496.0
498.0
486.0
495.0
507.0
505.0
506.0
509.0
520.0
506.0
493.0
494.0
507.0
499.0
510.0
495.0
510.0
488.0
492.0
496.0
498.0
507.0
497.0
500.0
504.0
494.0
493.0
514.0
500.0
497.0
500.0
502.0
500.0
505.0
494.0
505.0
488.0
501.0
528.0
493.0
497.0
508.0
495.0
492.0
496.0
498.0
509.0
498.0
506.0
505.0
503.0
507.0
492.0
492.0
499.0
495.0
511.0
507.0
521.0
488.0
495.0
492.0
506.0
493.0
502.0
488.0
496.0
492.0
501.0
500.0
500.0
505.0
506.0
498.0
502.0
488.0
499.0
487.0
499.0
511.0
497.0
495.0
513.0
490.0
495.0
495.0
501.0
502.0
499.0
501.0
515.0
500.0
509.0
492.0
480.0
482.0
505.0
493.0
491.0
493.0
509.0
488.0
487.0
501.0
511.0
503.0
498.0
507.0
490.0
503.0
493.0
498.0
503.0
491.0
508.0
513.0
493.0
499.0
476.0
492.0
488.0
502.0
516.0
507.0
497.0
500.0
505.0
510.0
508.0
488.0
505.0
496.0
505.0
480.0
516.0
492.0
487.0
509.0
495.0
517.0
498.0
495.0
501.0
508.0
499.0
507.0
499.0
510.0
492.0
485.0
518.0
501.0
488.0
509.0
506.0
489.0
493.0
497.0
508.0
509.0
491.0
520.0
494.0
513.0
497.0
504.0
494.0
494.0
502.0
492.0
513.0
492.0
506.0
502.0
514.0
491.0
509.0
507.0
499.0
499.0
510.0
497.0
504.0
490.0
492.0
485.0
497.0
524.0
491.0
482.0
481.0
489.0
482.0
517.0
494.0
514.0
489.0
505.0
493.0
512.0
504.0
497.0
494.0
486.0
495.0
498.0
501.0
501.0
503.0
516.0
496.0
494.0
500.0
501.0
484.0
507.0
489.0
527.0
509.0
517.0
514.0
509.0
498.0
500.0
475.0
485.0
496.0
495.0
502.0
498.0
508.0
483.0
493.0
488.0
497.0
507.0
505.0
492.0
499.0
491.0
490.0
513.0
499.0
511.0
509.0
489.0
501.0
502.0
513.0
480.0
524.0
486.0
494.0
497.0
511.0
506.0
489.0
506.0
482.0
501.0
512.0
498.0
502.0
505.0
507.0
490.0
493.0
494.0
497.0
501.0
497.0
488.0
479.0
500.0
492.0
501.0
498.0
499.0
497.0
503.0
491.0
488.0
507.0
494.0
503.0
496.0
493.0
499.0
507.0
497.0
488.0
505.0
499.0
512.0
499.0
491.0
518.0
503.0
502.0
486.0
497.0
503.0
507.0
483.0
509.0
512.0
509.0
502.0
498.0
482.0
513.0
497.0
474.0
499.0
482.0
503.0
491.0
493.0
507.0
501.0
497.0
478.0
502.0
501.0
517.0
512.0
497.0
497.0
505.0
498.0
506.0
489.0
499.0
509.0
509.0
510.0
502.0
484.0
509.0
478.0
494.0
492.0
502.0
497.0
518.0
498.0
490.0
511.0
499.0
500.0
489.0
506.0
487.0
494.0
493.0
504.0
509.0
512.0
503.0
512.0
485.0
506.0
492.0
507.0
510.0
518.0
486.0
495.0
502.0
504.0
503.0
490.0
503.0
494.0
490.0
505.0
489.0
489.0
494.0
500.0
484.0
507.0
501.0
479.0
490.0
496.0
503.0
536.0
500.0
499.0
505.0
504.0
507.0
489.0
494.0
492.0
510.0
504.0
500.0
502.0
504.0
489.0
510.0
495.0
490.0
501.0
499.0
506.0
492.0
519.0
479.0
493.0
512.0
495.0
502.0
508.0
509.0
497.0
491.0
495.0
501.0
503.0
516.0
494.0
494.0
499.0
488.0
494.0
522.0
506.0
497.0
494.0
522.0
505.0
510.0
501.0
510.0
504.0
494.0
509.0
489.0
505.0
490.0
487.0
510.0
491.0
502.0
486.0
509.0
489.0
494.0
500.0
487.0
501.0
495.0
515.0
485.0
511.0
492.0
497.0
481.0
496.0
487.0
502.0
490.0
485.0
504.0
504.0
504.0
511.0
511.0
511.0
499.0
507.0
493.0
510.0
493.0
508.0
508.0
503.0
500.0
508.0
493.0
500.0
504.0
514.0
507.0
505.0
479.0
487.0
489.0
509.0
498.0
513.0
504.0
493.0
499.0
495.0
512.0
503.0
495.0
493.0
505.0
505.0
502.0
495.0
509.0
499.0
512.0
514.0
508.0
513.0
502.0
482.0
518.0
512.0
502.0
502.0
498.0
495.0
510.0
488.0
490.0
501.0
498.0
495.0
504.0
494.0
506.0
495.0
501.0
498.0
497.0
475.0
501.0
492.0
499.0
491.0
504.0
510.0
495.0
518.0
501.0
479.0
500.0
522.0
504.0
498.0
510.0
515.0
487.0
512.0
510.0
498.0
499.0
499.0
490.0
503.0
507.0
516.0
513.0
491.0
498.0
488.0
491.0
501.0
496.0
499.0
512.0
485.0
495.0
493.0
507.0
495.0
502.0
499.0
501.0
498.0
502.0
505.0
509.0
504.0
499.0
495.0
477.0
489.0
495.0
497.0
527.0
492.0
503.0
505.0
492.0
503.0
498.0
480.0
490.0
483.0
490.0
494.0
496.0
476.0
510.0
508.0
492.0
503.0
498.0
503.0
501.0
503.0
494.0
499.0
497.0
500.0
493.0
505.0
526.0
478.0
500.0
503.0
513.0
494.0
514.0
496.0
520.0
504.0
517.0
485.0
498.0
496.0
507.0
506.0
490.0
479.0
506.0
505.0
486.0
487.0
499.0
501.0
506.0
509.0
511.0
489.0
510.0
481.0
494.0
507.0
488.0
497.0
493.0
489.0
504.0
512.0
486.0
513.0
502.0
510.0
494.0
511.0
506.0
503.0
510.0
498.0
487.0
510.0
484.0
518.0
497.0
480.0
499.0
510.0
496.0
485.0
499.0
507.0
487.0
497.0
526.0
521.0
501.0
492.0
504.0
497.0
494.0
498.0
485.0
497.0
503.0
496.0
484.0
499.0
483.0
502.0
508.0
498.0
511.0
494.0
501.0
513.0
502.0
491.0
510.0
492.0
500.0
501.0
503.0
516.0
517.0
507.0
497.0
493.0
500.0
505.0
514.0
496.0
610.0
596.0
602.0
608.0
608.0
614.0
611.0
599.0
594.0
592.0
605.0
608.0
592.0
606.0
590.0
597.0
595.0
596.0
610.0
584.0
603.0
601.0
595.0
604.0
592.0
600.0
584.0
591.0
593.0
605.0
593.0
607.0
610.0
611.0
606.0
602.0
609.0
621.0
589.0
612.0
607.0
614.0
614.0
601.0
605.0
591.0
603.0
598.0
602.0
591.0
618.0
584.0
607.0
619.0
606.0
589.0
598.0
607.0
594.0
599.0
605.0
605.0
598.0
594.0
604.0
603.0
609.0
594.0
599.0
588.0
605.0
597.0
587.0
611.0
593.0
587.0
594.0
589.0
592.0
606.0
615.0
608.0
605.0
605.0
600.0
605.0
620.0
596.0
614.0
607.0
608.0
601.0
587.0
593.0
588.0
595.0
597.0
609.0
591.0
610.0
605.0
610.0
604.0
614.0
608.0
599.0
597.0
597.0
590.0
608.0
596.0
585.0
589.0
596.0
577.0
596.0
617.0
618.0
598.0
624.0
621.0
598.0
609.0
601.0
618.0
601.0
595.0
586.0
598.0
606.0
583.0
594.0
570.0
610.0
616.0
615.0
581.0
575.0
605.0
615.0
608.0
597.0
612.0
605.0
601.0
598.0
597.0
602.0
611.0
620.0
603.0
598.0
596.0
617.0
581.0
604.0
610.0
603.0
598.0
578.0
609.0
601.0
595.0
610.0
594.0
591.0
607.0
585.0
599.0
599.0
600.0
593.0
583.0
597.0
600.0
601.0
599.0
605.0
595.0
591.0
601.0
594.0
611.0
606.0
613.0
601.0
596.0
596.0
587.0
605.0
606.0
602.0
604.0
600.0
604.0
619.0
615.0
606.0
599.0
603.0
594.0
595.0
600.0
608.0
600.0
600.0
615.0
594.0
612.0
607.0
616.0
607.0
608.0
593.0
600.0
609.0
578.0
613.0
591.0
607.0
608.0
589.0
584.0
586.0
620.0
591.0
595.0
618.0
603.0
605.0
586.0
588.0
602.0
597.0
602.0
594.0
588.0
593.0
612.0
600.0
604.0
607.0
593.0
598.0
602.0
591.0
598.0
593.0
603.0
587.0
594.0
606.0
611.0
604.0
599.0
599.0
591.0
607.0
604.0
599.0
587.0
613.0
603.0
598.0
584.0
602.0
607.0
595.0
598.0
599.0
618.0
591.0
592.0
591.0
614.0
588.0
610.0
596.0
596.0
605.0
607.0
592.0
609.0
600.0
603.0
610.0
605.0
592.0
599.0
590.0
616.0
594.0
594.0
603.0
602.0
593.0
589.0
604.0
590.0
586.0
590.0
600.0
597.0
595.0
598.0
594.0
594.0
609.0
618.0
589.0
602.0
588.0
603.0
582.0
586.0
593.0
603.0
603.0
594.0
611.0
594.0
596.0
605.0
592.0
617.0
595.0
585.0
598.0
596.0
601.0
597.0
606.0
628.0
598.0
610.0
603.0
585.0
620.0
593.0
586.0
592.0
603.0
599.0
603.0
611.0
611.0
603.0
599.0
609.0
591.0
608.0
594.0
584.0
596.0
600.0
594.0
603.0
600.0
590.0
594.0
589.0
615.0
616.0
600.0
605.0
601.0
597.0
591.0
589.0
590.0
607.0
587.0
588.0
595.0
598.0
597.0
592.0
581.0
589.0
583.0
606.0
600.0
598.0
588.0
608.0
624.0
593.0
583.0
605.0
609.0
598.0
590.0
580.0
602.0
603.0
603.0
594.0
598.0
599.0
600.0
571.0
611.0
595.0
617.0
585.0
603.0
598.0
593.0
618.0
586.0
606.0
605.0
590.0
594.0
615.0
575.0
613.0
589.0
598.0
601.0
603.0
601.0
592.0
602.0
597.0
613.0
590.0
599.0
621.0
600.0
598.0
596.0
595.0
600.0
598.0
597.0
588.0
599.0
596.0
613.0
600.0
588.0
592.0
584.0
602.0
583.0
590.0
599.0
606.0
587.0
608.0
611.0
601.0
601.0
586.0
585.0
605.0
616.0
606.0
608.0
601.0
595.0
601.0
604.0
605.0
596.0
597.0
599.0
606.0
609.0
587.0
607.0
626.0
593.0
587.0
589.0
624.0
596.0
599.0
592.0
595.0
603.0
603.0
601.0
598.0
602.0
604.0
601.0
592.0
590.0
586.0
600.0
615.0
605.0
581.0
577.0
601.0
598.0
594.0
595.0
603.0
590.0
618.0
599.0
622.0
606.0
596.0
616.0
601.0
589.0
596.0
595.0
600.0
595.0
594.0
602.0
600.0
606.0
587.0
612.0
612.0
582.0
604.0
601.0
602.0
602.0
616.0
585.0
600.0
607.0
618.0
606.0
594.0
620.0
581.0
597.0
602.0
594.0
602.0
595.0
618.0
604.0
617.0
612.0
592.0
598.0
598.0
593.0
590.0
611.0
595.0
599.0
610.0
598.0
603.0
600.0
603.0
593.0
589.0
590.0
598.0
604.0
612.0
605.0
591.0
609.0
609.0
592.0
613.0
607.0
599.0
587.0
590.0
606.0
604.0
605.0
605.0
615.0
596.0
594.0
593.0
584.0
594.0
601.0
587.0
600.0
597.0
609.0
586.0
600.0
607.0
591.0
604.0
599.0
584.0
596.0
620.0
597.0
613.0
612.0
607.0
607.0
597.0
604.0
610.0
587.0
594.0
594.0
595.0
597.0
588.0
613.0
602.0
601.0
600.0
600.0
586.0
591.0
597.0
586.0
606.0
591.0
625.0
610.0
610.0
598.0
597.0
607.0
613.0
587.0
600.0
590.0
592.0
583.0
611.0
609.0
592.0
615.0
591.0
591.0
610.0
608.0
603.0
592.0
596.0
603.0
614.0
607.0
610.0
614.0
594.0
606.0
606.0
587.0
583.0
583.0
620.0
572.0
603.0
604.0
614.0
620.0
607.0
602.0
609.0
577.0
599.0
591.0
594.0
599.0
609.0
595.0
589.0
603.0
589.0
602.0
608.0
605.0
586.0
590.0
611.0
579.0
609.0
611.0
594.0
611.0
585.0
594.0
611.0
600.0
615.0
604.0
603.0
598.0
594.0
616.0
602.0
589.0
575.0
614.0
602.0
584.0
589.0
611.0
578.0
627.0
611.0
586.0
595.0
594.0
609.0
607.0
597.0
605.0
609.0
600.0
592.0
611.0
599.0
596.0
583.0
590.0
594.0
594.0
601.0
594.0
603.0
612.0
606.0
592.0
606.0
594.0
581.0
600.0
587.0
613.0
587.0
586.0
618.0
612.0
619.0
589.0
585.0
596.0
601.0
583.0
593.0
600.0
612.0
583.0
564.0
607.0
618.0
593.0
609.0
601.0
606.0
604.0
595.0
596.0
600.0
595.0
583.0
616.0
609.0
594.0
595.0
593.0
603.0
602.0
604.0
596.0
586.0
607.0
616.0
596.0
592.0
596.0
620.0
589.0
600.0
596.0
606.0
595.0
604.0
611.0
598.0
582.0
601.0
611.0
611.0
600.0
600.0
588.0
609.0
610.0
597.0
610.0
609.0
591.0
606.0
613.0
601.0
585.0
577.0
602.0
591.0
589.0
590.0
587.0
600.0
590.0
592.0
604.0
610.0
603.0
616.0
625.0
609.0
586.0
612.0
589.0
608.0
600.0
609.0
597.0
607.0
587.0
594.0
603.0
612.0
589.0
594.0
598.0
596.0
589.0
608.0
604.0
603.0
609.0
589.0
608.0
592.0
597.0
605.0
593.0
601.0
603.0
602.0
602.0
606.0
629.0
590.0
608.0
578.0
607.0
600.0
591.0
598.0
620.0
598.0
605.0
601.0
596.0
600.0
588.0
625.0
619.0
607.0
616.0
596.0
589.0
589.0
616.0
591.0
608.0
590.0
601.0
589.0
603.0
581.0
598.0
614.0
604.0
594.0
601.0
598.0
593.0
588.0
587.0
584.0
599.0
588.0
593.0
588.0
594.0
597.0
600.0
590.0
595.0
615.0
588.0
591.0
590.0
587.0
596.0
612.0
594.0
610.0
604.0
626.0
601.0
608.0
605.0
595.0
609.0
596.0
581.0
599.0
609.0
593.0
589.0
605.0
621.0
613.0
600.0
615.0
599.0
599.0
579.0
594.0
617.0
618.0
594.0
595.0
610.0
601.0
607.0
596.0
593.0
591.0
604.0
606.0
600.0
582.0
576.0
599.0
616.0
582.0
608.0
597.0
602.0
595.0
599.0
610.0
620.0
614.0
594.0
610.0
598.0
590.0
607.0
606.0
611.0
608.0
603.0
594.0
588.0
605.0
601.0
606.0
593.0
603.0
592.0
590.0
597.0
588.0
607.0
589.0
596.0
613.0
576.0
603.0
600.0
597.0
618.0
598.0
588.0
593.0
612.0
588.0
588.0
626.0
593.0
598.0
585.0
593.0
602.0
607.0
614.0
604.0
589.0
599.0
602.0
596.0
587.0
603.0
610.0
603.0
615.0
583.0
604.0
605.0
607.0
596.0
590.0
588.0
575.0
622.0
609.0
612.0
604.0
602.0
601.0
